experimental_data:
  CESEG1: [0.049,0.049,0.060,0.071,0.092,0.092,0.114,0.146,0.184]
  CESPEG1: [0.052,0.058,0.063,0.069,0.079,0.090,0.134,0.128,0.144]
  CAMB: [-0.009,0.109,0.125,0.141,0.163,0.184,0.206,0.216,0.259]
  TMPTA: [0.020,0.041,0.052,0.079,0.095,0.095,0.106,0.138,0.181]
  S9: [0.039,0.071,0.119,0.173,0.216,0.259,0.280,0.334,0.323]
  S9_70_1: [0, 0.031202078, 0.107072438, 0.19811687, 0.266400194, 0.342270554,
            0.433314986, 0.471250166, 0.524359418, 343.15, 0.001087, 1, 3.1]
  S9_80_1: [0.086021422, 0.207983936, 0.329946451, 0.421418338, 0.482399595,
            0.520512881, 0.581494138, 0.596739453, 0.650098053, 353.15, 1.087e-3, 1, 3.1]
  S9_70_3: [0.170420738, 0.299565494, 0.436307, 0.527468004, 0.580645256,
            0.641419259, 0.679403011, 0.724983513, 0.755370514, 343.15, 1.087e-3, 3, 3.1]
  S9_80_3: [0.247596325, 0.422419766, 0.559238111, 0.658051361, 0.703657476,
            0.741662572, 0.772066648, 0.787268687, 0.794869706, 353.15, 1.087e-3, 3, 3.1]
  ASP_70_1: [0, 0.033, 0.112, 0.199, 0.254, 0.317, 0.333, 0.396, 0.420, 343.15,
             0.010195862, 0.118, 0]
  ASP_80_1: [0, 0.037, 0.179, 0.273, 0.352, 0.384, 0.431, 0.463, 0.510, 353.15,
             0.010195862, 0.11, 0]
  ASP_70_3: [0.004, 0.130, 0.673, 0.374, 0.445, 0.508, 0.539, 0.579, 0.634, 343.15,
             0.010195862, 0.333, 0]
  ASP_80_3: [0.027, 0.208, 0.374, 0.492, 0.539, 0.587, 0.618, 0.673, 0.697, 353.15,
             0.010195862, 0.331, 0]
  Aiso7003: [0.0952034, 0.2456301, 0.4038225, 0.5114513, 0.5874395, 0.6425014,
             0.6831558, 0.7135902, 0.7366104]
  RL_70_1: [0.130, 0.045, 0.060, 0.060, 0.076, 0.122, .107, 0.138, 0.138, 343.15, 0,
            1, 3.1]
  RL_80_1: [0, 0.008, 0.055, 0.071, 0.087, 0.118, 0.134, 0.174, 0.229, 353.15, 0, 1,
            3.1]
  RL_70_3: [0, 0, 0, 0.003, 0.049, 0.065, 0.111, 0.142, 0.173, 343.15, 0, 3, 3.1]
  RL_80_3: [0, 0, 0.014, 0.075, 0.121, 0.168, 0.199, 0.245, 0.299, 353.15, 0, 3, 3.1]
